mproto=15
mcrit=10
gamma=0.4

DATA - 695

[[15.  1.  1. ...  1.  8.  0.]
 [14.  0.  2. ...  1. 10.  1.]
 [16.  0.  0. ...  1.  8.  0.]
 ...
 [13.  0.  5. ...  1. 15.  1.]
 [16.  1.  1. ...  1.  7.  0.]
 [ 9.  1.  1. ...  2.  3.  0.]]

PROTOTYPES
1323.8586885929108s

[[ 14.     0.     7.    37.7    1.    27.77 237.3    1.    22.     1.  ]
 [ 17.     0.    14.    37.8    0.     6.1   66.3    2.     8.     0.  ]
 [  8.     0.     6.    37.     1.    15.48  99.7    3.    10.     1.  ]
 [ 15.     0.     5.    36.9    2.    13.66  66.2    2.    12.     1.  ]
 [ 13.     0.     3.    37.2    1.    30.7  110.5    1.    20.     1.  ]
 [ 13.     0.     7.    36.8    0.    10.49 116.8    2.    10.     0.  ]
 [ 17.     0.     3.    37.5    0.    19.76  68.3    2.     9.     1.  ]
 [ 14.     0.    10.    37.     1.    26.39  24.1    1.    12.     1.  ]
 [ 16.     0.     7.    37.8    1.     7.31  58.9    2.    12.     0.  ]
 [ 10.     0.     6.    36.     0.    16.3  210.1    1.    15.     1.  ]
 [  5.     0.     6.    37.5    2.    11.37  20.3    2.    20.     1.  ]
 [  7.     0.     6.    37.6    1.    14.33  97.8    3.    12.     1.  ]
 [ 11.     0.     5.    36.4    0.     8.62  49.5    2.    11.     0.  ]
 [ 14.     0.     3.    37.9    2.    27.21 388.2    1.     8.     1.  ]
 [ 10.     1.     7.    37.4    1.    25.96 125.9    2.     5.     1.  ]]

CRITICISMS
0.2980968952178955s

C: [11.    0.    1.   37.    1.   13.93  3.9   1.    8.    0.  ], w(C)=0.03664137191828377, idx=510
C: [13.   1.   1.  36.4  0.  15.   2.   1.   8.   0. ], w(C)=0.035471794536310726, idx=527
C: [11.    0.    1.   37.4   0.   16.29  1.6   1.    8.    0.  ], w(C)=0.0351322244562164, idx=489
C: [11.   1.   1.  37.   1.  14.2  2.4  1.   7.   0. ], w(C)=0.03491318896653931, idx=360
C: [12.    0.    1.   37.5   0.   15.75  4.5   2.    8.    0.  ], w(C)=0.03464798521966032, idx=104
C: [11.    0.    1.   37.6   0.   17.05  3.9   1.    8.    0.  ], w(C)=0.03444742087098092, idx=580
C: [13.   0.   1.  36.7  0.  12.7  4.4  1.   8.   0. ], w(C)=0.034353558124392086, idx=615
C: [12.    1.    1.   36.8   0.   16.42  2.8   1.   10.    0.  ], w(C)=0.03417139626441477, idx=631
C: [12.    1.    0.   36.6   0.   15.07  4.4   2.    8.    0.  ], w(C)=0.03414288483607088, idx=326
C: [10.   0.   1.  37.2  0.  17.   3.9  1.   9.   0. ], w(C)=0.03382109570630287, idx=68