mproto=15
mcrit=10
gamma=0.2

DATA - 695

[[15.  1.  1. ...  1.  8.  0.]
 [14.  0.  2. ...  1. 10.  1.]
 [16.  0.  0. ...  1.  8.  0.]
 ...
 [13.  0.  5. ...  1. 15.  1.]
 [16.  1.  1. ...  1.  7.  0.]
 [ 9.  1.  1. ...  2.  3.  0.]]

PROTOTYPES
1319.578974723816s

[[ 14.     0.     7.    37.7    1.    27.77 237.3    1.    22.     1.  ]
 [ 17.     0.    14.    37.8    0.     6.1   66.3    2.     8.     0.  ]
 [ 13.     0.     3.    37.2    1.    30.7  110.5    1.    20.     1.  ]
 [ 10.     0.     6.    36.     0.    16.3  210.1    1.    15.     1.  ]
 [ 14.     0.    10.    37.     1.    26.39  24.1    1.    12.     1.  ]
 [ 17.     0.     3.    37.5    0.    19.76  68.3    2.     9.     1.  ]
 [ 13.     0.     7.    36.8    0.    10.49 116.8    2.    10.     0.  ]
 [ 15.     0.     2.    37.9    1.    24.74  46.3    2.    12.     0.  ]
 [ 14.     0.     3.    37.9    2.    27.21 388.2    1.     8.     1.  ]
 [ 15.     0.     5.    36.9    2.    13.66  66.2    2.    12.     1.  ]
 [ 16.     0.     7.    37.8    1.     7.31  58.9    2.    12.     0.  ]
 [ 16.     0.     3.    37.     1.    20.7  256.     1.    10.     1.  ]
 [ 13.     1.     4.    36.9    1.    29.89 225.9    1.     8.     1.  ]
 [ 11.     0.     2.    37.1    0.    26.15 121.     1.    12.     0.  ]
 [  8.     0.     6.    37.     1.    15.48  99.7    3.    10.     1.  ]]

CRITICISMS
0.30007171630859375s

C: [11.    0.    1.   37.    1.   13.93  3.9   1.    8.    0.  ], w(C)=0.11695486345551356, idx=509
C: [12.   0.   1.  37.3  1.  13.6  5.9  1.   9.   0. ], w(C)=0.11461593748379692, idx=185
C: [13.   0.   1.  36.7  0.  12.7  4.4  1.   8.   0. ], w(C)=0.11442023112055832, idx=614
C: [12.    0.    1.   37.5   0.   15.75  4.5   2.    8.    0.  ], w(C)=0.11398968170911021, idx=102
C: [12.    1.    0.   36.6   0.   15.07  4.4   2.    8.    0.  ], w(C)=0.11372162928947091, idx=325
C: [13.    1.    0.   37.6   1.   14.01  3.3   2.    8.    0.  ], w(C)=0.1108829325444416, idx=251
C: [11.   1.   1.  37.   1.  14.2  2.4  1.   7.   0. ], w(C)=0.11043416185625254, idx=359
C: [13.   1.   1.  36.4  0.  15.   2.   1.   8.   0. ], w(C)=0.11040279568077832, idx=526
C: [11.    0.    1.   37.6   0.   17.05  3.9   1.    8.    0.  ], w(C)=0.10998385701974933, idx=580
C: [11.    1.    2.   37.6   0.   14.57  4.3   2.    7.    0.  ], w(C)=0.10920719887189728, idx=188