mproto=15
mcrit=10
gamma=0.4

DATA - 696

[[15.  1.  1. ...  8.  0.  1.]
 [14.  0.  2. ... 10.  0.  1.]
 [16.  0.  0. ...  8.  0.  1.]
 ...
 [13.  0.  5. ... 15.  0.  1.]
 [16.  1.  1. ...  7.  0.  1.]
 [ 9.  1.  1. ...  3.  1.  1.]]

PROTOTYPES
1354.699504852295s

[[ 14.     0.     7.    37.7    0.    27.77 237.3    1.    22.     0.
    1.  ]
 [ 15.     0.     5.    36.9    2.    13.66  66.2    2.    12.     1.
    1.  ]
 [  8.     0.     6.    37.     0.    15.48  99.7    3.    10.     0.
    1.  ]
 [ 16.     0.     7.    36.7    0.    13.47 119.3    1.    10.     2.
    1.  ]
 [  5.     0.     6.    37.5    2.    11.37  20.3    2.    20.     0.
    1.  ]
 [ 14.     0.    10.    37.     0.    26.39  24.1    1.    12.     0.
    1.  ]
 [  7.     0.     6.    37.6    0.    14.33  97.8    3.    12.     0.
    1.  ]
 [  4.     1.     9.    38.5    2.    17.39 176.6    1.    11.     0.
    1.  ]
 [ 17.     0.    14.    37.8    1.     6.1   66.3    2.     8.     0.
    1.  ]
 [ 13.     0.     3.    37.2    0.    30.7  110.5    1.    20.     0.
    1.  ]
 [ 10.     1.     7.    37.4    0.    25.96 125.9    2.     5.     0.
    1.  ]
 [ 16.     0.     7.    37.8    0.     7.31  58.9    2.    12.     0.
    1.  ]
 [ 13.     1.     4.    37.3    0.    14.48 190.4    3.     8.     0.
    1.  ]
 [ 17.     0.     3.    37.5    1.    19.76  68.3    2.     9.     0.
    1.  ]
 [ 10.     0.     6.    36.     1.    16.3  210.1    1.    15.     0.
    1.  ]]

CRITICISMS
0.3269319534301758s

C: [11.    0.    1.   37.    0.   13.93  3.9   1.    8.    1.    1.  ], w(C)=0.03538477128870607, idx=511
C: [13.   1.   1.  36.4  1.  15.   2.   1.   8.   0.   1. ], w(C)=0.03521154362224997, idx=528
C: [11.    0.    1.   37.4   1.   16.29  1.6   1.    8.    0.    1.  ], w(C)=0.034874867971974664, idx=490
C: [12.    0.    1.   37.5   1.   15.75  4.5   2.    8.    0.    1.  ], w(C)=0.03439143467589625, idx=104
C: [11.    0.    1.   37.6   1.   17.05  3.9   1.    8.    0.    1.  ], w(C)=0.03418545180484273, idx=582
C: [13.   0.   1.  36.7  1.  12.7  4.4  1.   8.   0.   1. ], w(C)=0.0341558494028216, idx=617
C: [12.    1.    0.   36.6   1.   15.07  4.4   2.    8.    0.    1.  ], w(C)=0.03391146612667312, idx=326
C: [12.    1.    1.   36.8   1.   16.42  2.8   1.   10.    0.    1.  ], w(C)=0.033894146699046314, idx=632
C: [11.   1.   1.  37.   0.  14.2  2.4  1.   7.   1.   1. ], w(C)=0.03367901784795059, idx=360
C: [10.   0.   1.  37.2  1.  17.   3.9  1.   9.   0.   1. ], w(C)=0.033543394951548226, idx=68