mproto=15
mcrit=10
gamma=0.2

DATA - 695

[[15.  1.  1. ...  1.  8.  0.]
 [14.  0.  2. ...  1. 10.  1.]
 [16.  0.  0. ...  1.  8.  0.]
 ...
 [13.  0.  5. ...  1. 15.  1.]
 [16.  1.  1. ...  1.  7.  0.]
 [ 9.  1.  1. ...  2.  3.  0.]]

PROTOTYPES
1314.4548344612122s

[[ 14.     0.     7.    37.7    1.    27.77 237.3    1.    22.     1.  ]
 [ 17.     0.    14.    37.8    0.     6.1   66.3    2.     8.     0.  ]
 [ 13.     0.     3.    37.2    1.    30.7  110.5    1.    20.     1.  ]
 [ 10.     0.     6.    36.     0.    16.3  210.1    1.    15.     1.  ]
 [ 14.     0.    10.    37.     1.    26.39  24.1    1.    12.     1.  ]
 [ 17.     0.     3.    37.5    0.    19.76  68.3    2.     9.     1.  ]
 [ 12.     0.     5.    36.     1.    17.41 162.5    1.    10.     2.  ]
 [ 15.     0.     2.    37.9    1.    24.74  46.3    2.    12.     0.  ]
 [ 13.     0.     7.    36.8    0.    10.49 116.8    2.    10.     0.  ]
 [ 14.     0.     3.    37.9    2.    27.21 388.2    1.     8.     1.  ]
 [ 16.     0.     7.    37.8    1.     7.31  58.9    2.    12.     0.  ]
 [ 15.     0.     5.    36.9    2.    13.66  66.2    2.    12.     1.  ]
 [ 16.     0.     3.    37.     1.    20.7  256.     1.    10.     1.  ]
 [ 13.     1.     4.    36.9    1.    29.89 225.9    1.     8.     1.  ]
 [ 11.     0.     2.    37.1    0.    26.15 121.     1.    12.     0.  ]]

CRITICISMS
0.3105480670928955s

C: [11.    0.    1.   37.    1.   13.93  3.9   1.    8.    0.  ], w(C)=0.11693801321237075, idx=508
C: [12.   0.   1.  37.3  1.  13.6  5.9  1.   9.   0. ], w(C)=0.11459199660686063, idx=185
C: [13.   0.   1.  36.7  0.  12.7  4.4  1.   8.   0. ], w(C)=0.11440126225697195, idx=613
C: [12.    0.    1.   37.5   0.   15.75  4.5   2.    8.    0.  ], w(C)=0.1139711303251394, idx=102
C: [12.    1.    0.   36.6   0.   15.07  4.4   2.    8.    0.  ], w(C)=0.11370386932525996, idx=325
C: [13.    1.    0.   37.6   1.   14.01  3.3   2.    8.    0.  ], w(C)=0.11086545775116381, idx=251
C: [11.   1.   1.  37.   1.  14.2  2.4  1.   7.   0. ], w(C)=0.1104218484677778, idx=359
C: [13.   1.   1.  36.4  0.  15.   2.   1.   8.   0. ], w(C)=0.11038713242318995, idx=525
C: [11.    0.    1.   37.6   0.   17.05  3.9   1.    8.    0.  ], w(C)=0.10996763550974432, idx=579
C: [11.    1.    2.   37.6   0.   14.57  4.3   2.    7.    0.  ], w(C)=0.10919206277320269, idx=188