mproto=15
mcrit=10
gamma=0.4

DATA - 695

[[15.  1.  1. ...  1.  8.  0.]
 [14.  0.  2. ...  1. 10.  1.]
 [16.  0.  0. ...  1.  8.  0.]
 ...
 [13.  0.  5. ...  1. 15.  1.]
 [16.  1.  1. ...  1.  7.  0.]
 [ 9.  1.  1. ...  2.  3.  0.]]

PROTOTYPES
1314.2138171195984s

[[ 14.     0.     7.    37.7    1.    27.77 237.3    1.    22.     1.  ]
 [ 17.     0.    14.    37.8    0.     6.1   66.3    2.     8.     0.  ]
 [ 12.     0.     5.    36.     1.    17.41 162.5    1.    10.     2.  ]
 [  8.     0.     6.    37.     1.    15.48  99.7    3.    10.     1.  ]
 [ 15.     0.     5.    36.9    2.    13.66  66.2    2.    12.     1.  ]
 [ 13.     0.     3.    37.2    1.    30.7  110.5    1.    20.     1.  ]
 [ 13.     0.     7.    36.8    0.    10.49 116.8    2.    10.     0.  ]
 [ 17.     0.     3.    37.5    0.    19.76  68.3    2.     9.     1.  ]
 [ 14.     0.    10.    37.     1.    26.39  24.1    1.    12.     1.  ]
 [ 16.     0.     7.    37.8    1.     7.31  58.9    2.    12.     0.  ]
 [  7.     0.     6.    37.6    1.    14.33  97.8    3.    12.     1.  ]
 [ 10.     0.     6.    36.     0.    16.3  210.1    1.    15.     1.  ]
 [  5.     0.     6.    37.5    2.    11.37  20.3    2.    20.     1.  ]
 [ 11.     0.     5.    36.4    0.     8.62  49.5    2.    11.     0.  ]
 [  8.     0.     3.    37.     1.    17.32  46.4    2.    16.     2.  ]]

CRITICISMS
0.28244948387145996s

C: [11.    0.    1.   37.    1.   13.93  3.9   1.    8.    0.  ], w(C)=0.036637529485448024, idx=510
C: [13.   1.   1.  36.4  0.  15.   2.   1.   8.   0. ], w(C)=0.035467395161120456, idx=527
C: [11.    0.    1.   37.4   0.   16.29  1.6   1.    8.    0.  ], w(C)=0.03512968405566483, idx=489
C: [11.   1.   1.  37.   1.  14.2  2.4  1.   7.   0. ], w(C)=0.03491081971758864, idx=362
C: [12.    0.    1.   37.5   0.   15.75  4.5   2.    8.    0.  ], w(C)=0.034643820294064424, idx=104
C: [11.    0.    1.   37.6   0.   17.05  3.9   1.    8.    0.  ], w(C)=0.034444288611966634, idx=580
C: [13.   0.   1.  36.7  0.  12.7  4.4  1.   8.   0. ], w(C)=0.03434821719743433, idx=615
C: [12.    1.    1.   36.8   0.   16.42  2.8   1.   10.    0.  ], w(C)=0.03416497939305347, idx=631
C: [12.    1.    0.   36.6   0.   15.07  4.4   2.    8.    0.  ], w(C)=0.03413883286458767, idx=328
C: [10.   0.   1.  37.2  0.  17.   3.9  1.   9.   0. ], w(C)=0.0338176708165428, idx=68