mproto=15
mcrit=10
gamma=0.2

DATA - 696

[[15.  1.  1. ...  8.  0.  1.]
 [14.  0.  2. ... 10.  0.  2.]
 [16.  0.  0. ...  8.  0.  1.]
 ...
 [13.  0.  5. ... 15.  0.  2.]
 [16.  1.  1. ...  7.  0.  1.]
 [ 9.  1.  1. ...  3.  1.  1.]]

PROTOTYPES
1353.5039341449738s

[[ 14.     0.     7.    37.7    0.    27.77 237.3    1.    22.     0.
    2.  ]
 [ 16.     0.     7.    36.7    0.    13.47 119.3    1.    10.     2.
    2.  ]
 [ 13.     0.     3.    37.2    0.    30.7  110.5    1.    20.     0.
    2.  ]
 [ 14.     0.    10.    37.     0.    26.39  24.1    1.    12.     0.
    2.  ]
 [ 10.     0.     6.    36.     1.    16.3  210.1    1.    15.     0.
    2.  ]
 [ 17.     0.     3.    37.5    1.    19.76  68.3    2.     9.     0.
    2.  ]
 [ 13.     1.     4.    36.9    0.    29.89 225.9    1.     8.     0.
    2.  ]
 [  8.     0.     6.    37.     0.    15.48  99.7    3.    10.     0.
    2.  ]
 [ 12.     0.     5.    36.     0.    17.41 162.5    1.    10.     0.
    2.  ]
 [ 15.     0.     5.    36.9    2.    13.66  66.2    2.    12.     1.
    2.  ]
 [ 16.     0.     3.    37.     0.    20.7  256.     1.    10.     0.
    2.  ]
 [ 10.     1.     7.    37.4    0.    25.96 125.9    2.     5.     0.
    2.  ]
 [ 14.     0.     3.    37.9    2.    27.21 388.2    1.     8.     0.
    2.  ]
 [ 17.     0.    14.    37.8    1.     6.1   66.3    2.     8.     0.
    1.  ]
 [ 17.     1.     1.    37.8    0.    20.88  53.7    2.    12.     0.
    2.  ]]

CRITICISMS
0.3154275417327881s

C: [11.    0.    1.   37.    0.   13.93  3.9   1.    8.    1.    1.  ], w(C)=0.1152904561869534, idx=509
C: [13.   0.   1.  36.7  1.  12.7  4.4  1.   8.   0.   1. ], w(C)=0.11420770523273953, idx=615
C: [12.    0.    1.   37.5   1.   15.75  4.5   2.    8.    0.    1.  ], w(C)=0.11367137314665783, idx=104
C: [12.    1.    0.   36.6   1.   15.07  4.4   2.    8.    0.    1.  ], w(C)=0.1134459532549261, idx=326
C: [12.   0.   1.  37.3  0.  13.6  5.9  1.   9.   1.   1. ], w(C)=0.11307119459517359, idx=187
C: [13.    1.    0.   37.6   0.   14.01  3.3   2.    8.    0.    1.  ], w(C)=0.11068769525423379, idx=252
C: [13.   1.   1.  36.4  1.  15.   2.   1.   8.   0.   1. ], w(C)=0.1101611317034245, idx=526
C: [11.    0.    1.   37.6   1.   17.05  3.9   1.    8.    0.    1.  ], w(C)=0.10965259710236241, idx=580
C: [11.    1.    2.   37.6   1.   14.57  4.3   2.    7.    0.    1.  ], w(C)=0.10896151007451678, idx=190
C: [11.   1.   1.  37.   0.  14.2  2.4  1.   7.   1.   1. ], w(C)=0.10890553557753531, idx=360