mproto=10
mcrit=10
gamma=0.2

DATA - 695

[[15.  1.  1. ...  1.  8.  0.]
 [14.  0.  2. ...  1. 10.  1.]
 [16.  0.  0. ...  1.  8.  0.]
 ...
 [13.  0.  5. ...  1. 15.  1.]
 [16.  1.  1. ...  1.  7.  0.]
 [ 9.  1.  1. ...  2.  3.  0.]]

PROTOTYPES
830.0397017002106s

[[ 14.     0.     7.    37.7    1.    27.77 237.3    1.    22.     1.  ]
 [ 17.     0.    14.    37.8    0.     6.1   66.3    2.     8.     0.  ]
 [ 13.     0.     3.    37.2    1.    30.7  110.5    1.    20.     1.  ]
 [ 10.     0.     6.    36.     0.    16.3  210.1    1.    15.     1.  ]
 [ 14.     0.    10.    37.     1.    26.39  24.1    1.    12.     1.  ]
 [ 17.     0.     3.    37.5    0.    19.76  68.3    2.     9.     1.  ]
 [ 12.     0.     5.    36.     1.    17.41 162.5    1.    10.     2.  ]
 [ 15.     0.     2.    37.9    1.    24.74  46.3    2.    12.     0.  ]
 [ 13.     0.     7.    36.8    0.    10.49 116.8    2.    10.     0.  ]
 [ 14.     0.     3.    37.9    2.    27.21 388.2    1.     8.     1.  ]]

CRITICISMS
0.313373327255249s

C: [11.    0.    1.   37.    1.   13.93  3.9   1.    8.    0.  ], w(C)=0.11588852132127771, idx=512
C: [12.   0.   1.  37.3  1.  13.6  5.9  1.   9.   0. ], w(C)=0.1134857259943898, idx=188
C: [13.   0.   1.  36.7  0.  12.7  4.4  1.   8.   0. ], w(C)=0.11337404546695448, idx=618
C: [12.    0.    1.   37.5   0.   15.75  4.5   2.    8.    0.  ], w(C)=0.11288250305232064, idx=104
C: [12.    1.    0.   36.6   0.   15.07  4.4   2.    8.    0.  ], w(C)=0.11265362485234719, idx=329
C: [13.    1.    0.   37.6   1.   14.01  3.3   2.    8.    0.  ], w(C)=0.1098851135441288, idx=254
C: [11.   1.   1.  37.   1.  14.2  2.4  1.   7.   0. ], w(C)=0.10946312954171974, idx=363
C: [13.   1.   1.  36.4  0.  15.   2.   1.   8.   0. ], w(C)=0.10941897579349597, idx=529
C: [11.    0.    1.   37.6   0.   17.05  3.9   1.    8.    0.  ], w(C)=0.10891065057238761, idx=583
C: [11.    1.    2.   37.6   0.   14.57  4.3   2.    7.    0.  ], w(C)=0.10816976785037836, idx=191